%%

threshAll = [0.58 0.42 0.51 0.58; ...
             0.53 0.49 0.38 0.91; ...
             0.48 0.70 0.86 0.60; ...
             0.59 0.58 0.56 0.75; ...
             0.44 0.52 0.69 0.80; ...
             0.89 0.86 0.88 0.93; ...
             0.98 0.86 0.99 0.92; ...
             0.78 0.57 0.73 0.45];